0 1
2 999999417
4 72002
6 14062474
8 527301696
10 997627013
12 336684883
14 837192491
16 558973321
18 552543812
20 107934190
22 410872076
24 332498080
26 311146509
28 121895221
30 976918683
32 708612185
34 533169124
36 660065258
38 694714918
40 605637881
42 764769870
44 899362819
46 863051965
48 623502472
50 175585572
52 191238081
54 25263212
56 311484673
58 700265443
60 423167101
62 387559970
64 581565147
66 464284103
68 892639824
70 112535455
72 411166449
74 601677200
76 855277368
78 705934980
80 854780885
82 13511851
84 788059532
86 592045788
88 701229711
90 551919360
92 510732290
94 54668723
96 59245345
98 707985612
100 71639513
102 164632309
104 254001432
106 161781608
108 970665585
110 365665010
112 436365391
114 929703349
116 126970708
118 580674089
120 507460716
122 355671392
124 302438285
126 158749178
128 772924229
130 15205959
132 632853343
134 606035712
136 957996594
138 521346908
140 733924524
142 853414900
144 328679284
146 773042392
148 347066809
150 771857164
152 627586454
154 340714146
156 690608041
158 664790441
160 889954528
162 411834766
164 527245885
166 644736790
168 461958877
170 609409763
172 54601290
174 380128516
176 68673432
178 512213861
180 234111699
182 716292128
184 83234367
186 970793325
188 203526520
190 208652612
192 917031080
194 130354846
196 693812960
198 177627940
200 474582255
202 643247987
204 163972928
206 72163719
208 320073623
210 86524939
212 199051817
214 48515699
216 930070484
218 344256393
220 431728843
222 299118382
224 414685884
226 866542117
228 22476114
230 754059335
232 846277573
234 505892499
236 114630909
238 603233981
240 613940920
242 839455376
244 555358560
246 261354797
248 544289524
250 460679291
252 781691376
254 799642369
256 583534715
258 133612444
260 28426476
262 319198231
264 107361600
266 686537592
268 350225506
270 682003871
272 531179746
274 961080119
276 521096331
278 814274348
280 872911693
282 549857562
284 599688552
286 742658792
288 957136862
290 439864675
292 495237738
294 375642077
296 680004459
298 666423717
300 560467849
302 227711307
304 901501380
306 590248857
308 343761965
310 512702949
312 736655141
314 884134619
316 966955097
318 843703851
320 751234230
322 658925554
324 445881386
326 451628855
328 621808284
330 308988506
332 25603220
334 108050636
336 923280799
338 463425096
340 37969757
342 925842155
344 717010465
346 131458160
348 123185652
350 971737132
352 763658221
354 340203402
356 948095581
358 238985547
360 96690976
362 231467690
364 861554053
366 464550476
368 207061070
370 639759204
372 94894552
374 294599878
376 501815346
378 981085111
380 7502711
382 665774645
384 362515212
386 498308075
388 615142437
390 733213595
392 854200475
394 438495769
396 426537580
398 469403657
400 411806485
402 698893064
404 271513864
406 801717003
408 48913641
410 40883161
412 721812130
414 119784999
416 837994659
418 478735554
420 554086396
422 349747041
424 595202594
426 271398174
428 316660195
430 994221383
432 644439139
434 165632636
436 815587522
438 871092684
440 139061354
442 742855391
444 373570265
446 406729497
448 299036990
450 549899883
452 326611754
454 213425168
456 985323100
458 971657708
460 585762424
462 527119919
464 537664316
466 635990333
468 778188082
470 763715604
472 188665152
474 712219094
476 54849027
478 940514035
480 608126683
482 379994794
484 199161123
486 803222032
488 941315980
490 994592360
492 834926905
494 682151488
496 103887846
498 361174535
500 695441277
502 37018321
504 84198911
506 446198637
508 760647060
510 187716620
512 522387336
514 744395043
516 744663768
518 210051090
520 556824839
522 452863781
524 191624775
526 651799494
528 371336304
530 352333671
532 95468919
534 7362713
536 891427721
538 265513758
540 985071608
542 646798148
544 928913829
546 14494984
548 721032195
550 154986331
552 240430660
554 671840530
556 21121072
558 808680515
560 409774099
562 56891461
564 697451717
566 598615988
568 152308805
570 477045895
572 690110360
574 910704540
576 876001792
578 664564068
580 376762354
582 226505667
584 841258200
586 684912495
588 7971451
590 737535902
592 673555109
594 978983826
596 83116518
598 765278569
600 880419569
602 723323931
604 309225041
606 774116410
608 789252234
610 956177096
612 128892548
614 73295066
616 740008484
618 187406880
620 249335087
622 544079335
624 433241886
626 451446904
628 675794663
630 260010414
632 645347426
634 634748618
636 957055692
638 867949769
640 594092626
642 440814072
644 391949168
646 695270284
648 456061526
650 139394002
652 552845498
654 369309763
656 104419762
658 532757085
660 162742492
662 248008590
664 741912136
666 857118675
668 501027213
670 57444193
672 491367519
674 480805562
676 995725510
678 629735797
680 227480318
682 225569834
684 80993078
686 132148497
688 544749568
690 552404458
692 898062472
694 524844625
696 587202812
698 507291594
700 372311439
702 321957430
704 846800845
706 475215728
708 713932863
710 493080962
712 343063173
714 253540609
716 22149478
718 141892809
720 217667484
722 719890920
724 500048786
726 666230010
728 957622532
730 835277826
732 527259353
734 907357618
736 66512945
738 526895730
740 466074991
742 763109358
744 79815868
746 204726540
748 700696885
750 597688930
752 171026453
754 983695999
756 228055025
758 569392896
760 854739483
762 529258283
764 229712963
766 453014462
768 23708646
770 731923702
772 549889736
774 96787866
776 704761689
778 367360242
780 351668182
782 41903437
784 884317388
786 416140505
788 142741499
790 880091182
792 21165960
794 38692467
796 398030912
798 14339965
800 318999043
802 505244301
804 450064090
806 606017268
808 56473444
810 964484017
812 960970519
814 471463366
816 760648573
818 891093301
820 886591756
822 275879255
824 745255678
826 553012280
828 654561646
830 189688474
832 497670706
834 562672596
836 594272714
838 324272428
840 190129054
842 269856408
844 801044734
846 850897286
848 639008711
850 64513768
852 254256623
854 561498304
856 216410958
858 949718371
860 958882785
862 198493056
864 807771738
866 700492365
868 966093047
870 887490951
872 1927802
874 929739381
876 433607672
878 705003407
880 573687990
882 734107585
884 846988994
886 741295209
888 858388495
890 408491976
892 472254918
894 62186493
896 120974573
898 160361933
900 881010825
902 881891163
904 974546533
906 924869549
908 721345444
910 139861776
912 721442843
914 994628464
916 971681982
918 126389620
920 433097200
922 452039938
924 816409649
926 708034621
928 178927076
930 255670217
932 310113959
934 392239983
936 209946030
938 84123272
940 329822372
942 732929333
944 868775872
946 238933954
948 182348268
950 188986149
952 478125100
954 189944338
956 139095504
958 62605142
960 292461148
962 893509196
964 130278001
966 844874939
968 539219642
970 155091805
972 288884711
974 339303397
976 650588764
978 186450151
980 796608696
982 107632494
984 276481930
986 148891581
988 261508789
990 690065985
992 621650554
994 202308737
996 363988605
998 719054351
1000 897576624
1002 674757597
1004 420746588
1006 253226681
1008 626103331
1010 79599708
1012 411704900
1014 357894195
1016 731167949
1018 808726632
1020 994297593
1022 152533859
1024 484104036
1026 734890503
1028 476215483
1030 226909972
1032 631263052
1034 99633390
1036 835816607
1038 316111447
1040 611780658
1042 628728485
1044 228865439
1046 628526496
1048 372039609
1050 870100251
1052 139169159
1054 726376042
1056 577851842
1058 516440078
1060 212161568
1062 229375375
1064 226672596
1066 237139177
1068 244372284
1070 597554272
1072 330316994
1074 966663603
1076 918128531
1078 321044678
1080 6598029
1082 304206148
1084 99087421
1086 403874008
1088 57881088
1090 695589254
1092 809993549
1094 839865229
1096 795593244
1098 921901902
1100 211958524
1102 967136308
1104 991264684
1106 337123304
1108 419315493
1110 7757608
1112 824078490
1114 413171471
1116 16047751
1118 215510406
1120 637132076
1122 69889307
1124 882177362
1126 13423880
1128 275451510
1130 533233414
1132 860411578
1134 721538199
1136 660010488
1138 853643380
1140 20625719
1142 27077487
1144 125108913
1146 13008255
1148 639330219
1150 77460252
1152 506411989
1154 211036320
1156 210809198
1158 263123296
1160 940660902
1162 718898528
1164 468388395
1166 901465850
1168 358268372
1170 499675148
1172 123348122
1174 473199103
1176 682906720
1178 905370604
1180 428026688
1182 347510448
1184 517742931
1186 463665696
1188 803532007
1190 381268995
1192 309074269
1194 363701126
1196 97706781
1198 491514946
1200 450921060
1202 788694716
1204 770211932
1206 530512322
1208 622549094
1210 378743916
1212 498133685
1214 672391835
1216 430754043
1218 110069278
1220 901860055
1222 280928013
1224 458273744
1226 438670589
1228 981841075
1230 284250277
1232 640851919
1234 971214304
1236 668604699
1238 755369204
1240 354262807
1242 84046378
1244 327959165
1246 81671912
1248 968426254
1250 814383321
1252 50846241
1254 32515066
1256 734526102
1258 496188293
1260 7551401
1262 135818839
1264 102491427
1266 327617457
1268 170244798
1270 410308465
1272 739472236
1274 758144824
1276 152989532
1278 522018783
1280 156768384
1282 349235907
1284 420843947
1286 340041843
1288 908983196
1290 538089570
1292 934823820
1294 767592471
1296 292609823
1298 562579335
1300 936923894
1302 177761857
1304 61770806
1306 88823935
1308 224523805
1310 660777251
1312 873923534
1314 285483816
1316 662453857
1318 944146854
1320 518907235
1322 463451279
1324 614287940
1326 551727890
1328 996024606
1330 306820960
1332 558385780
1334 753188749
1336 180692358
1338 662088014
1340 728305126
1342 679959749
1344 675708296
1346 970740124
1348 684460879
1350 737908349
1352 765365137
1354 264756929
1356 848134573
1358 303401020
1360 870992358
1362 285442613
1364 963866201
1366 463891381
1368 51272165
1370 689831463
1372 831773710
1374 337594492
1376 706759044
1378 621291688
1380 431402747
1382 10048096
1384 144658519
1386 720419876
1388 769608622
1390 337697750
1392 220534802
1394 414330133
1396 54224161
1398 809849475
1400 391489740
1402 590547346
1404 9254174
1406 35095358
1408 397858301
1410 777827443
1412 537957537
1414 631498935
1416 871051465
1418 886542258
1420 971737820
1422 680519885
1424 257715610
1426 45722696
1428 949481097
1430 781350067
1432 711890706
1434 583369318
1436 448841118
1438 201632027
1440 712702581
1442 580767571
1444 963389336
1446 43901924
1448 319994800
1450 766544701
1452 872670
1454 408753241
1456 810363844
1458 172543417
1460 170888563
1462 286534067
1464 623244451
1466 783015794
1468 468769875
1470 957775377
1472 976059395
1474 121837550
1476 12525220
1478 699828114
1480 514388520
1482 599093442
1484 930613366
1486 739493101
1488 808208279
1490 498601996
1492 665433849
1494 993554981
1496 290493837
1498 424631750
1500 258956620
1502 780296792
1504 254168273
1506 558004821
1508 401377313
1510 870834837
1512 888353917
1514 395549279
1516 107531818
1518 748645420
1520 269318546
1522 786069213
1524 271457722
1526 301945074
1528 748800554
1530 369277772
1532 705507877
1534 575844996
1536 377130606
1538 341046839
1540 349484200
1542 238586853
1544 368574776
1546 607589844
1548 742751573
1550 313343695
1552 346169975
1554 619982183
1556 517990991
1558 871352321
1560 164816448
1562 682607533
1564 463188887
1566 556174382
1568 125125091
1570 452872010
1572 990769513
1574 625207688
1576 824748370
1578 129083966
1580 649804990
1582 721308917
1584 6444788
1586 715419361
1588 905692945
1590 70849531
1592 530592548
1594 988525368
1596 643863226
1598 504930878
1600 400804488
1602 844868387
1604 779833037
1606 96907636
1608 215931701
1610 976092447
1612 142683981
1614 702772593
1616 407810425
1618 414723476
1620 430751241
1622 19400955
1624 312526281
1626 536079179
1628 221627166
1630 902928087
1632 261884326
1634 713080502
1636 944281060
1638 185421604
1640 856905255
1642 16886848
1644 611609874
1646 899668717
1648 674591657
1650 134930522
1652 312230464
1654 688269049
1656 134492209
1658 874980680
1660 485238494
1662 119193811
1664 33453960
1666 836420270
1668 515447968
1670 140760027
1672 22407272
1674 68281185
1676 565374972
1678 790247582
1680 695030896
1682 711227170
1684 202934044
1686 815115173
1688 914494789
1690 630545635
1692 837625451
1694 811603551
1696 895522631
1698 56591198
1700 406950337
1702 450365490
1704 669678804
1706 939557325
1708 464712680
1710 481453166
1712 966560062
1714 338090971
1716 215429283
1718 215210113
1720 942614808
1722 29612239
1724 176840555
1726 256057498
1728 968635908
1730 934218159
1732 1206098
1734 942363318
1736 921204362
1738 590610579
1740 720274745
1742 11337903
1744 36344258
1746 565039697
1748 135745853
1750 615476382
1752 842819535
1754 821940042
1756 519579884
1758 57983862
1760 709087044
1762 401311130
1764 769922730
1766 357631912
1768 192325126
1770 865000024
1772 273535910
1774 980343171
1776 524466866
1778 284119767
1780 379307088
1782 740308212
1784 297433668
1786 540405024
1788 505644055
1790 220040874
1792 949082205
1794 665427079
1796 925717117
1798 74649910
1800 354831111
1802 886580642
1804 562094585
1806 503539624
1808 793933629
1810 765286458
1812 708362754
1814 356401408
1816 489994842
1818 745215986
1820 398463928
1822 835983333
1824 851236489
1826 604350766
1828 898913444
1830 115034752
1832 467402017
1834 1930464
1836 997586244
1838 553343275
1840 778519470
1842 80802
1844 835123185
1846 593398567
1848 372295493
1850 908608450
1852 405241760
1854 960286310
1856 395453407
1858 408119273
1860 123887943
1862 219899968
1864 445059024
1866 808881168
1868 237950571
1870 827185472
1872 222407943
1874 874154438
1876 392948405
1878 926017911
1880 595794719
1882 331065516
1884 189012625
1886 276021652
1888 784982627
1890 643299721
1892 40003682
1894 513127860
1896 858216819
1898 328352946
1900 333224801
1902 102302102
1904 737477917
1906 893991321
1908 646824887
1910 53834145
1912 271489791
1914 957106043
1916 988895725
1918 769377303
1920 514276782
1922 988837628
1924 498230551
1926 606279830
1928 174741906
1930 945604437
1932 997886118
1934 511034036
1936 995581176
1938 389852626
1940 978173489
1942 367461965
1944 577978771
1946 821115354
1948 18620796
1950 80369137
1952 139515011
1954 895567907
1956 362219550
1958 795125448
1960 449936164
1962 342979267
1964 660507342
1966 93441441
1968 486797913
1970 156027144
1972 179335487
1974 113752940
1976 621370495
1978 880539020
1980 435303143
1982 696266077
1984 819469938
1986 405025426
1988 640037713
1990 626486612
1992 250525189
1994 445627664
1996 65111017
1998 702623605
2000 99890119
2002 467277958
2004 616743010
2006 441167730
2008 790192136
2010 767686450
2012 844406431
2014 349440089
2016 853794750
2018 167600163
2020 319220255
2022 640605486
2024 428091299
2026 84615400
2028 979097424
2030 339698125
2032 776922509
2034 820632415
2036 623501086
2038 540558194
2040 983777310
2042 3140689
2044 781385573
2046 792087733
2048 538658802
2050 95095932
2052 18873618
2054 166419086
2056 286288270
2058 466745211
2060 728184250
2062 215766015
2064 402167642
2066 782129165
2068 988857667
2070 460629094
2072 600406420
2074 505554490
2076 573022519
2078 611085230
2080 373983611
2082 513661264
2084 677087762
2086 720491198
2088 349314628
2090 44765128
2092 636541402
2094 323221872
2096 79973861
2098 173196642
2100 569255216
2102 13036186
2104 818287897
2106 175820459
2108 932812319
2110 67749655
2112 349536236
2114 338915564
2116 863331863
2118 543677237
2120 306946680
2122 673262808
2124 770238179
2126 172104726
2128 431695606
2130 17682380
2132 828534868
2134 452332741
2136 330793760
2138 397930271
2140 585869952
2142 165610829
2144 255106296
2146 583812151
2148 71987564
2150 431195444
2152 268046554
2154 87703318
2156 148629890
2158 668898741
2160 793840175
2162 311870859
2164 700093334
2166 26228639
2168 53933989
2170 775284136
2172 49770076
2174 45638824
2176 665834939
2178 751789444
2180 5247831
2182 671981532
2184 155956631
2186 805486292
2188 494721474
2190 911204283
2192 83189201
2194 95018437
2196 836023137
2198 343261530
2200 222989549
2202 606200282
2204 85361167
2206 159630463
2208 332698843
2210 240317999
2212 789018171
2214 225291802
2216 212593861
2218 620308981
2220 706404774
2222 210112498
2224 864535248
2226 434930731
2228 811999104
2230 514035479
2232 664107060
2234 737712969
2236 783229605
2238 716380043
2240 242308372
2242 861550655
2244 607421085
2246 892421822
2248 665067063
2250 868943917
2252 444513500
2254 325056802
2256 226999681
2258 917547522
2260 888220653
2262 284451228
2264 916864720
2266 246485870
2268 489040617
2270 276669086
2272 444702653
2274 63978702
2276 521422118
2278 65778642
2280 526734482
2282 817706392
2284 957181679
2286 121612867
2288 862515323
2290 601177480
2292 464526849
2294 725996884
2296 144677189
2298 555189217
2300 659978539
2302 101218783
2304 17485556
2306 114361348
2308 869917812
2310 944802178
2312 148894380
2314 277460280
2316 533789677
2318 967970430
2320 876922742
2322 189520507
2324 56931781
2326 234176599
2328 566197962
2330 168070795
2332 261806555
2334 847648796
2336 583455489
2338 705821188
2340 324847842
2342 792805211
2344 227859899
2346 691281455
2348 482691541
2350 925912348
2352 8040696
2354 430252044
2356 251194863
2358 328721890
2360 337683776
2362 20869078
2364 347414060
2366 714243845
2368 165588973
2370 985901292
2372 760403448
2374 545011145
2376 559298839
2378 961629650
2380 278566970
2382 406388523
2384 543270987
2386 410674429
2388 707149078
2390 35200758
2392 861187284
2394 568787093
2396 231042453
2398 70209212
2400 689545845
2402 766337006
2404 415247309
2406 629268481
2408 559292593
2410 455769511
2412 992461667
2414 661382236
2416 498395599
2418 955975981
2420 131984869
2422 387384848
2424 615418056
2426 524307667
2428 288539143
2430 539130789
2432 271942881
2434 875300798
2436 911255879
2438 589083118
2440 871473030
2442 71578252
2444 629126475
2446 577302536
2448 141388316
2450 737119897
2452 528355848
2454 796528199
2456 435047862
2458 573015229
2460 854001984
2462 714657381
2464 914761834
2466 337349840
2468 218391016
2470 94857432
2472 630404987
2474 775789342
2476 83995828
2478 466949959
2480 766276639
2482 525855853
2484 39268428
2486 14727104
2488 550494447
2490 441085368
2492 230964119
2494 985922099
2496 75792923
2498 919670334
2500 362451684
2502 932166888
2504 199513159
2506 590717385
2508 698253101
2510 972884137
2512 238609192
2514 898822722
2516 652194236
2518 629569953
2520 387736791
2522 202421404
2524 827925678
2526 847206651
2528 492329959
2530 446051861
2532 533501310
2534 907378476
2536 864131807
2538 718035536
2540 287250250
2542 658861480
2544 652887605
2546 736374333
2548 578123511
2550 921626630
2552 643732013
2554 371250599
2556 714854552
2558 508909419
2560 596286933
2562 81504543
2564 499657699
2566 550124364
2568 158549604
2570 928807017
2572 183555990
2574 474373132
2576 285640994
2578 631451998
2580 234675753
2582 418560901
2584 955390706
2586 510552654
2588 238097051
2590 114819986
2592 913192231
2594 223817729
2596 149441943
2598 677070857
2600 64473504
2602 278566681
2604 505640675
2606 643190264
2608 52618537
2610 713582870
2612 972333018
2614 525640778
2616 582707369
2618 589182197
2620 786136951
2622 581143125
2624 302828056
2626 16753391
2628 439167591
2630 386825449
2632 866112756
2634 771992300
2636 176694038
2638 634937070
2640 61249616
2642 64501920
2644 366126784
2646 516902059
2648 445606870
2650 448292946
2652 775055332
2654 338759679
2656 786635602
2658 645171495
2660 481713883
2662 816340357
2664 246584951
2666 116651608
2668 663695676
2670 366313711
2672 998314241
2674 399022349
2676 725041122
2678 881348492
2680 978771465
2682 540440227
2684 18967351
2686 154392295
2688 882657383
2690 963861594
2692 253070260
2694 73818672
2696 500594061
2698 595677616
2700 334823726
2702 910346311
2704 67876522
2706 262802556
2708 979110461
2710 244169948
2712 609200869
2714 470650783
2716 634623338
2718 138068291
2720 350394105
2722 982213955
2724 120087444
2726 757516700
2728 892011017
2730 435074146
2732 221727175
2734 255621888
2736 686800350
2738 848533299
2740 725841984
2742 470369447
2744 257738533
2746 926525079
2748 29518010
2750 850248461
2752 997383477
2754 326934201
2756 597457086
2758 267269040
2760 727427083
2762 650730428
2764 680246115
2766 688996043
2768 231756707
2770 705916368
2772 839819096
2774 644969710
2776 937105977
2778 814732214
2780 755096008
2782 541496670
2784 52703051
2786 518299875
2788 512754721
2790 444354377
2792 287232742
2794 877332894
2796 494275936
2798 102843460
2800 110944405
2802 75236661
2804 938278815
2806 131598089
2808 127360123
2810 742629196
2812 169830324
2814 705427554
2816 105226322
2818 683446358
2820 69588870
2822 890787900
2824 45269681
2826 936100945
2828 433717985
2830 22506063
2832 870998488
2834 302482370
2836 159576433
2838 723715496
2840 871261327
2842 903642769
2844 806150669
2846 143923157
2848 558842772
2850 254816894
2852 254534875
2854 224747744
2856 54629411
2858 31888174
2860 440173227
2862 745431132
2864 130108245
2866 158255496
2868 749115754
2870 142563296
2872 898335309
2874 904349044
2876 662959063
2878 198812262
2880 52862470
2882 232825475
2884 32433296
2886 862671483
2888 553680942
2890 572023262
2892 927785623
2894 527917148
2896 790222125
2898 538358933
2900 878897164
2902 63444100
2904 757863931
2906 913357902
2908 444130952
2910 210529640
2912 940305523
2914 323207437
2916 909213328
2918 830717255
2920 197378323
2922 727819359
2924 355063391
2926 955734864
2928 668939495
2930 310745248
2932 495763787
2934 505231412
2936 420690443
2938 269920719
2940 753944531
2942 96954138
2944 23905553
2946 284790524
2948 293610077
2950 617481651
2952 797076055
2954 201112447
2956 451172474
2958 741512314
2960 462653847
2962 525456453
2964 515963184
2966 532831383
2968 318965582
2970 307760729
2972 578105772
2974 498556266
2976 617104021
2978 376333755
2980 635733443
2982 460003580
2984 8948047
2986 524543584
2988 684845486
2990 323988684
2992 357766857
2994 874695154
2996 409398238
2998 570679535
3000 203360131
3002 362022948
3004 753306604
3006 119477238
3008 773464236
3010 293204078
3012 692780193
3014 182821456
3016 379673893
3018 167056800
3020 711252985
3022 87767860
3024 350778224
3026 658707934
3028 469544781
3030 580369756
3032 545253519
3034 444806809
3036 39107409
3038 201884686
3040 794754970
3042 983401299
3044 422128257
3046 702014082
3048 611604319
3050 662915338
3052 655704360
3054 633208796
3056 343677942
3058 248115422
3060 688153264
3062 501711803
3064 138799578
3066 984399863
3068 652451732
3070 874126136
3072 849380699
3074 860620382
3076 233726007
3078 395570055
3080 692813426
3082 136533176
3084 797129335
3086 175096965
3088 904105182
3090 935509240
3092 649371546
3094 181546275
3096 533222684
3098 552440945
3100 943157382
3102 177698989
3104 877126971
3106 186065075
3108 462606157
3110 15983499
3112 655934484
3114 613420751
3116 394368544
3118 688621904
3120 137277648
3122 428373336
3124 398121578
3126 661166905
3128 36777075
3130 770868025
3132 400084679
3134 663684480
3136 782666716
3138 349850367
3140 155337350
3142 202294883
3144 849417579
3146 186289864
3148 143961114
3150 263895921
3152 102154678
3154 375172418
3156 198834867
3158 620751418
3160 131600714
3162 469714727
3164 418326830
3166 140515896
3168 353251471
3170 795742600
3172 499050777
3174 413214836
3176 374545722
3178 323066047
3180 780622170
3182 23714816
3184 201850782
3186 778587129
3188 443377867
3190 948401845
3192 843032157
3194 992231727
3196 413235368
3198 354271425
3200 451118892
3202 426599026
3204 199954385
3206 375347311
3208 410830082
3210 260615856
3212 764203870
3214 706902685
3216 521524565
3218 866864504
3220 744654082
3222 599962557
3224 526497938
3226 329475330
3228 357102000
3230 224537580
3232 927157545
3234 475167231
3236 205033353
3238 781901823
3240 894101122
3242 161592025
3244 3845825
3246 405047038
3248 579526572
3250 955405242
3252 895124274
3254 571818430
3256 360937803
3258 876315048
3260 952998011
3262 153483618
3264 285344043
3266 199563724
3268 199279025
3270 940632747
3272 123335033
3274 158029246
3276 433482851
3278 342375039
3280 556206003
3282 631744185
3284 127060877
3286 522562223
3288 348540449
3290 913591440
3292 82666386
3294 374845040
3296 278572909
3298 995887026
3300 493812199
3302 595172633
3304 13920569
3306 426802521
3308 522146804
3310 199040647
3312 651890085
3314 527722070
3316 162331956
3318 11333498
3320 8380544
3322 572303165
3324 265171351
3326 59521908
3328 49101140
3330 997301903
3332 291237949
3334 307145904
3336 514312173
3338 826904598
3340 679321739
3342 250056628
3344 627465169
3346 548896768
3348 598564371
3350 552373698
3352 474900575
3354 662062842
3356 151262751
3358 567392351
3360 806423852
3362 15940469
3364 507040255
3366 192759293
3368 507224070
3370 708836475
3372 546029401
3374 571667280
3376 521414172
3378 541800367
3380 799917710
3382 256784649
3384 29474452
3386 109143814
3388 49816587
3390 413441821
3392 612402934
3394 837916237
3396 835575014
3398 94655559
3400 62171912
3402 726562218
3404 964675944
3406 332215371
3408 320864430
3410 226772766
3412 775319652
3414 952864638
3416 689987262
3418 13969392
3420 47093235
3422 846579663
3424 282650266
3426 131212125
3428 252053833
3430 329423674
3432 209759140
3434 772883797
3436 150025558
3438 936656879
3440 540355445
3442 172392865
3444 757596835
3446 831138291
3448 170446517
3450 196571337
3452 866705697
3454 845691681
3456 949851696
3458 428363179
3460 125453867
3462 499273818
3464 910340968
3466 601520733
3468 136153888
3470 974811187
3472 835640230
3474 639699626
3476 739867723
3478 970284054
3480 780845035
3482 76439988
3484 825625544
3486 708790783
3488 975154682
3490 218824821
3492 293005650
3494 842399619
3496 99206323
3498 52026122
3500 586248715
3502 970408781
3504 387928261
3506 435908372
3508 42803076
3510 79913562
3512 216929511
3514 937971642
3516 466529490
3518 327067072
3520 588114076
3522 314574872
3524 214951697
3526 218671734
3528 665136586
3530 198977891
3532 482085151
3534 293770159
3536 342643794
3538 739322772
3540 890962348
3542 591007543
3544 18009254
3546 860559739
3548 448320591
3550 455382879
3552 295251804
3554 431396034
3556 986393800
3558 243455776
3560 146624285
3562 274852568
3564 947219547
3566 109338375
3568 210941752
3570 2183378
3572 946219435
3574 361824206
3576 443551229
3578 843190383
3580 779345343
3582 933309281
3584 189341128
3586 987781404
3588 921660210
3590 559298536
3592 53124030
3594 500651531
3596 562245886
3598 936124348
3600 580948083
3602 524920022
3604 222019025
3606 144373123
3608 7233283
3610 774548665
3612 25462441
3614 535602531
3616 677147020
3618 234561312
3620 175438475
3622 626633565
3624 377893380
3626 488259456
3628 128768843
3630 178972794
3632 708394178
3634 739691236
3636 582726145
3638 335419508
3640 856909670
3642 483492335
3644 861962014
3646 314699860
3648 687574851
3650 570750049
3652 126132287
3654 667274927
3656 302246829
3658 570785978
3660 327713509
3662 663797419
3664 640296831
3666 683207946
3668 651327619
3670 887850352
3672 114673745
3674 702345060
3676 129864388
3678 100155742
3680 758735097
3682 889100733
3684 803179115
3686 335101266
3688 720199809
3690 856555189
3692 576962213
3694 275776823
3696 73223749
3698 122588060
3700 472466091
3702 645076266
3704 421513662
3706 312443541
3708 19309145
3710 626252253
3712 533023380
3714 658260073
3716 588194936
3718 982366163
3720 739519457
3722 146465934
3724 67610371
3726 197017160
3728 492926781
3730 26210311
3732 630637313
3734 749167074
3736 403915484
3738 911723944
3740 670515807
3742 211119597
3744 667602530
3746 931402035
3748 441136572
3750 89450664
3752 631839565
3754 639550523
3756 817632039
3758 78381368
3760 964423644
3762 267622581
3764 672788671
3766 874286956
3768 845060350
3770 609705045
3772 491303367
3774 643770072
3776 732601315
3778 998820979
3780 950357963
3782 228006255
3784 739548552
3786 746235587
3788 141458181
3790 64936459
3792 770188839
3794 243302061
3796 316449982
3798 96696648
3800 245123623
3802 661922644
3804 551787073
3806 969045862
3808 474083935
3810 113624665
3812 840511834
3814 667876758
3816 676146956
3818 230717395
3820 949086308
3822 274518397
3824 18141474
3826 956030070
3828 45838129
3830 35536763
3832 796493665
3834 611445424
3836 729403040
3838 471532015
3840 141510721
3842 618573705
3844 804864799
3846 232762126
3848 688962222
3850 197392498
3852 500545860
3854 863116730
3856 192172678
3858 779580502
3860 197995279
3862 969635724
3864 294441794
3866 111492486
3868 364499915
3870 563158652
3872 275885017
3874 240499581
3876 801639531
3878 714124670
3880 537271488
3882 197788829
3884 632646061
3886 843311082
3888 879456119
3890 332329088
3892 320074591
3894 525971707
3896 928111608
3898 303126459
3900 754963387
3902 419071014
3904 248516997
3906 105814121
3908 458935508
3910 93380621
3912 623307473
3914 866505323
3916 585815822
3918 720687604
3920 214289196
3922 73420849
3924 763597862
3926 491849521
3928 269287741
3930 37142599
3932 858517659
3934 139040566
3936 704377607
3938 764426475
3940 40990062
3942 1685782
3944 720656006
3946 35630270
3948 701672612
3950 878665142
3952 422765999
3954 162252809
3956 169803760
3958 833743887
3960 695240846
3962 117824548
3964 5757904
3966 391160443
3968 489311514
3970 530443601
3972 590076231
3974 400976969
3976 554401518
3978 456427874
3980 738038736
3982 610958482
3984 353713580
3986 649338378
3988 328343741
3990 889849064
3992 819937879
3994 313997656
3996 592559888
3998 865826077
4000 479972331
4002 233463998
4004 687339313
4006 783435208
4008 55734986
4010 221805019
4012 18814317
4014 208216420
4016 156862408
4018 509613404
4020 956977465
4022 613908468
4024 345330906
4026 906535096
4028 852483358
4030 689573404
4032 772404849
4034 467145344
4036 665946855
4038 22615472
4040 334034213
4042 277484977
4044 939489326
4046 206796436
4048 526911072
4050 952016617
4052 279316762
4054 553588017
4056 232230949
4058 33282803
4060 354850847
4062 820420527
4064 193327089
4066 525508851
4068 228231756
4070 148799498
4072 752105957
4074 717272909
4076 172116863
4078 56160382
4080 938496818
4082 63412530
4084 694120035
4086 503967971
4088 390525896
4090 70181192
4092 818582247
4094 976842867
4096 368344493
4098 658655637
4100 419069480
4102 970642478
4104 938393936
4106 90180970
4108 411957792
4110 631765435
4112 190254834
4114 557549606
4116 853727344
4118 526765359
4120 24043994
4122 114846210
4124 391183988
4126 562705603
4128 935914021
4130 614365963
4132 133677423
4134 561499355
4136 267534102
4138 280018988
4140 572798093
4142 431864760
4144 851956526
4146 359121016
4148 893989954
4150 62645947
4152 30902584
4154 376777229
4156 84720561
4158 989025342
4160 832196580
4162 569247268
4164 495369627
4166 761373732
4168 655535721
4170 763750246
4172 596766597
4174 508085323
4176 100119130
4178 679914313
4180 500469023
4182 802548500
4184 708342409
4186 932944082
4188 975292457
4190 105335826
4192 564464557
4194 276613510
4196 320176586
4198 986451665
4200 428843995
4202 641826328
4204 258343273
4206 50602963
4208 788949478
4210 473657303
4212 591911949
4214 244906337
4216 760458115
4218 8038356
4220 8999496
4222 522919270
4224 922200319
4226 536267475
4228 972569927
4230 97458
4232 588439744
4234 492222564
4236 690942543
4238 961130047
4240 251214914
4242 203835418
4244 292645356
4246 771774901
4248 308473877
4250 369053892
4252 265536485
4254 84252662
4256 638083803
4258 332217900
4260 190088918
4262 912304815
4264 11785994
4266 565904249
4268 795953110
4270 140212526
4272 786897413
4274 60330135
4276 801724306
4278 354975176
4280 214476026
4282 533053292
4284 77387042
4286 111731665
4288 703627967
4290 938734224
4292 370696440
4294 58939104
4296 16696101
4298 231118192
4300 867048248
4302 727449029
4304 653811201
4306 316506109
4308 610531906
4310 392248955
4312 664785375
4314 830547709
4316 686322828
4318 861868171
4320 658230412
4322 897893147
4324 174744863
4326 507841710
4328 90934764
4330 780084137
4332 882395097
4334 567749756
4336 191729541
4338 885756544
4340 532611003
4342 877154274
4344 496283308
4346 691624960
4348 902994455
4350 42665971
4352 988813040
4354 471463775
4356 379691447
4358 684792673
4360 389369276
4362 843749952
4364 357905427
4366 850096565
4368 630986132
4370 57517111
4372 823795095
4374 927591323
4376 431820739
4378 400315496
4380 634562431
4382 909496830
4384 515075304
4386 962559842
4388 78103226
4390 747883778
4392 478035310
4394 357184042
4396 954782727
4398 538824698
4400 351050311
4402 730112752
4404 893444191
4406 965594861
4408 378769059
4410 81719858
4412 333779369
4414 936860497
4416 850605839
4418 519319513
4420 229068412
4422 193080487
4424 995182771
4426 793037666
4428 840030764
4430 937983274
4432 261540164
4434 46575533
4436 700876070
4438 541348774
4440 173732620
4442 928757412
4444 826173989
4446 175726709
4448 729882218
4450 164013563
4452 907723177
4454 91113157
4456 895368340
4458 860324562
4460 6934248
4462 691926600
4464 384864276
4466 710704901
4468 783932367
4470 876926647
4472 143241282
4474 718363021
4476 494740860
4478 722522669
4480 840150923
4482 980314930
4484 246855186
4486 201425660
4488 208338832
4490 266130347
4492 568332474
4494 304734276
4496 614610512
4498 204963140
4500 785534300
4502 786016302
4504 449626194
4506 578275597
4508 459979023
4510 168299562
4512 525396020
4514 953087522
4516 235382082
4518 358416326
4520 197196219
4522 855998414
4524 700613812
4526 704105439
4528 6041934
4530 927707615
4532 750249138
4534 414304955
4536 98058777
4538 484587790
4540 722773010
4542 32705703
4544 110587675
4546 192361183
4548 422364301
4550 195156722
4552 208225479
4554 241878056
4556 819205424
4558 756526810
4560 899485377
4562 330416204
4564 635275582
4566 515639998
4568 562870738
4570 764228396
4572 874593101
4574 411611397
4576 283656460
4578 588548383
4580 924944072
4582 708160636
4584 991618589
4586 437816505
4588 654416837
4590 299383551
4592 134288480
4594 933433434
4596 209809948
4598 210686567
4600 17137534
4602 503411980
4604 703259248
4606 459738322
4608 752210447
4610 802802737
4612 988476466
4614 190450376
4616 894156359
4618 214670632
4620 212901724
4622 994901796
4624 632249688
4626 821579152
4628 518883964
4630 878647760
4632 548476166
4634 923791462
4636 528335942
4638 498891644
4640 588879379
4642 870449965
4644 815278261
4646 996214438
4648 63089615
4650 712496283
4652 253379269
4654 625443707
4656 837864363
4658 396690562
4660 40272137
4662 383979246
4664 480931475
4666 673474194
4668 143358260
4670 645436269
4672 674686381
4674 144457673
4676 23061411
4678 795533183
4680 866649589
4682 407972861
4684 21475388
4686 590362096
4688 446074099
4690 648017222
4692 834073737
4694 766630815
4696 890052063
4698 167308585
4700 179830226
4702 85953226
4704 989353003
4706 555153137
4708 738041296
4710 650045920
4712 959439781
4714 710081386
4716 260558017
4718 95826404
4720 117090873
4722 710106813
4724 616675379
4726 97537322
4728 641991562
4730 894026785
4732 631069461
4734 662382420
4736 638949600
4738 9583611
4740 846655877
4742 292520901
4744 234792937
4746 929355759
4748 908108959
4750 439609378
4752 425337343
4754 414890130
4756 241191319
4758 970789053
4760 792150387
4762 899194707
4764 979458894
4766 10803410
4768 6326955
4770 91903795
4772 945229269
4774 272169393
4776 392014967
4778 825665029
4780 119172343
4782 794498707
4784 265205747
4786 727295943
4788 991662513
4790 281473249
4792 353370379
4794 495997239
4796 711433417
4798 732782373
4800 655007310
4802 242344509
4804 384626723
4806 224166874
4808 531017818
4810 348532159
4812 697001732
4814 885179336
4816 862887539
4818 863845619
4820 757507134
4822 307520248
4824 820364159
4826 732142290
4828 437083389
4830 736578630
4832 800979713
4834 896778915
4836 861348745
4838 773879979
4840 746511952
4842 132092729
4844 318448616
4846 424638434
4848 688792770
4850 325594022
4852 273358181
4854 604766868
4856 102216125
4858 41961968
4860 753745781
4862 197824944
4864 159381003
4866 488405568
4868 606126882
4870 250604682
4872 358440601
4874 351719660
4876 512923850
4878 74168652
4880 842678205
4882 230356077
4884 669884685
4886 466137429
4888 247877553
4890 888016829
4892 678019194
4894 274497211
4896 553044659
4898 199183420
4900 8953688
4902 714200170
4904 784178050
4906 260147351
4908 576809295
4910 9664621
4912 168838269
4914 964823129
4916 177833491
4918 425181768
4920 419312009
4922 208099578
4924 275508635
4926 336052182
4928 784548321
4930 295144511
4932 457429530
4934 215095049
4936 877919045
4938 723445875
4940 437467523
4942 536949239
4944 529602929
4946 214626628
4948 397104186
4950 596426908
4952 255916030
4954 521099970
4956 852564445
4958 407403137
4960 228214221
4962 693733256
4964 71743405
4966 185090041
4968 896790918
4970 658122965
4972 104082712
4974 460475942
4976 718998781
4978 215313700
4980 992912713
4982 514964317
4984 707765344
4986 273098778
4988 150499006
4990 678228788
4992 866384614
4994 655056148
4996 664010479
4998 676054113
5000 360938205
5002 528866528
5004 364109166
5006 982117432
5008 342106626
5010 821879331
5012 594646783
5014 230571496
5016 302601317
5018 15684758
5020 274365861
5022 562472399
5024 116359654
5026 316372388
5028 941416097
5030 161325355
5032 55084445
5034 200356833
5036 982789952
5038 631138200
5040 579316455
5042 916881388
5044 151625631
5046 918467362
5048 373639485
5050 569490372
5052 532300818
5054 340340360
5056 991119282
5058 538951470
5060 676096454
5062 104594813
5064 86133172
5066 942086786
5068 588928455
5070 712626313
5072 733437929
5074 49576608
5076 840943432
5078 857581362
5080 429983526
5082 924202207
5084 229523461
5086 243353561
5088 48399426
5090 593328790
5092 220319654
5094 472631721
5096 169649061
5098 99279355
5100 623517367
5102 702053
5104 456284112
5106 899067250
5108 569420935
5110 900019512
5112 795962061
5114 369406258
5116 823679840
5118 691318519
5120 951464631
5122 57919695
5124 145309791
5126 494187059
5128 867603238
5130 816597378
5132 268215450
5134 500092141
5136 721541394
5138 876638989
5140 804675321
5142 345096355
5144 371390523
5146 3690689
5148 730364139
5150 207898115
5152 564313552
5154 354904289
5156 737541889
5158 755132621
5160 689308650
5162 339251959
5164 992086959
5166 172128009
5168 214396604
5170 822637154
5172 29074867
5174 3874185
5176 867213550
5178 231548927
5180 967183177
5182 325905500
5184 605230916
5186 222911189
5188 296365562
5190 624997159
5192 82161603
5194 32575263
5196 574882892
5198 289065726
5200 814765102
5202 421578752
5204 544881089
5206 963448289
5208 351549532
5210 296272959
5212 385703975
5214 916424412
5216 760596985
5218 34590221
5220 899823411
5222 590372637
5224 209735006
5226 83664035
5228 962228427
5230 386242585
5232 820860105
5234 443944357
5236 616037377
5238 559257447
5240 274175900
5242 209836064
5244 815597570
5246 305397042
5248 938299334
5250 898549581
5252 291444505
5254 301530003
5256 887380598
5258 971536335
5260 486250184
5262 542426071
5264 83130775
5266 860560484
5268 805578187
5270 336853768
5272 488567863
5274 249489520
5276 741131512
5278 912548613
5280 12854279
5282 270490322
5284 245560515
5286 652620972
5288 222050341
5290 473459485
5292 962072594
5294 619517121
5296 106156567
5298 712936514
5300 628905174
5302 634070712
5304 720455560
5306 531615299
5308 981351663
5310 732423076
5312 753930726
5314 452090204
5316 141068348
5318 407233054
5320 310120053
5322 186749999
5324 232617447
5326 79892055
5328 762417835
5330 180106556
5332 281948524
5334 313520375
5336 419063266
5338 447747722
5340 185910133
5342 104951869
5344 716170814
5346 919201950
5348 889007539
5350 853515157
5352 809446227
5354 1129319
5356 355631514
5358 971616420
5360 384404634
5362 844434646
5364 850652550
5366 304635979
5368 78692401
5370 339849892
5372 43754419
5374 751934906
5376 6874603
5378 705324987
5380 515295552
5382 279434206
5384 296700067
5386 498489838
5388 189537309
5390 177114049
5392 249132092
5394 887765244
5396 539750307
5398 865732870
5400 39830543
5402 321042489
5404 679201074
5406 308500951
5408 535786782
5410 757114153
5412 492862979
5414 21411020
5416 253029403
5418 9603728
5420 669729958
5422 795319411
5424 77023487
5426 790272574
5428 412215691
5430 937583197
5432 536668515
5434 486974678
5436 322858406
5438 107196827
5440 231539593
5442 205269325
5444 769544615
5446 946348447
5448 389404778
5450 620704737
5452 382964338
5454 694000994
5456 22228619
5458 266893407
5460 370209620
5462 390097564
5464 555159269
5466 917098618
5468 512661435
5470 103408600
5472 252039501
5474 533441526
5476 46702277
5478 301978719
5480 255914591
5482 466941406
5484 94258791
5486 30755995
5488 956584856
5490 877126389
5492 28632141
5494 767156696
5496 910179782
5498 468207885
5500 732615500
5502 647330650
5504 182208139
5506 432792989
5508 567869660
5510 932882509
5512 924533356
5514 442138394
5516 460006106
5518 285204415
5520 138250819
5522 459739472
5524 671313412
5526 207732772
5528 237471435
5530 263145777
5532 450053464
5534 803523925
5536 469401721
5538 361092822
5540 276297072
5542 715543584
5544 708389049
5546 741518663
5548 786175137
5550 614908119
5552 732817584
5554 458576136
5556 371164210
5558 209160128
5560 769425137
5562 760595276
5564 310146127
5566 258456675
5568 710631620
5570 118947495
5572 858264363
5574 11329563
5576 347897099
5578 594010142
5580 759268784
5582 613203301
5584 896236766
5586 986144999
5588 505768207
5590 60896562
5592 939398152
5594 313861639
5596 879221490
5598 941358629
5600 460268310
5602 359197450
5604 247482835
5606 123784942
5608 235452854
5610 941679543
5612 804170271
5614 325061714
5616 323413828
5618 634308120
5620 194618386
5622 455436412
5624 20868402
5626 420882717
5628 602257324
5630 420413543
5632 637987592
5634 10037200
5636 620441952
5638 645388340
5640 62421091
5642 298117930
5644 976786206
5646 429174486
5648 632316537
5650 579245346
5652 620573671
5654 195134292
5656 596395399
5658 889933699
5660 370350087
5662 954334285
5664 499588463
5666 552638568
5668 908275104
5670 698220402
5672 790464125
5674 466413522
5676 713546675
5678 131177376
5680 105985758
5682 170941691
5684 854151326
5686 985537133
5688 634642919
5690 506603373
5692 384382188
5694 399789477
5696 600368939
5698 179547804
5700 99434230
5702 97248969
5704 542102936
5706 112828479
5708 453307250
5710 415013063
5712 423608651
5714 189839271
5716 444104457
5718 832483835
5720 715582695
5722 939502061
5724 603278913
5726 46442394
5728 976361371
5730 338009671
5732 181233674
5734 376916745
5736 15520066
5738 619940146
5740 959887479
5742 546406313
5744 139701796
5746 101896385
5748 383213362
5750 564137339
5752 306750089
5754 408919792
5756 884706577
5758 51892003
5760 415532531
5762 499927785
5764 800826567
5766 464410579
5768 411643826
5770 414940089
5772 560545617
5774 553584512
5776 287528880
5778 655958787
5780 529392423
5782 961795995
5784 416833579
5786 556847586
5788 1659477
5790 389451853
5792 309807537
5794 725205865
5796 261625946
5798 136353366
5800 800065524
5802 365983187
5804 932729787
5806 246709094
5808 37592311
5810 978953192
5812 336232422
5814 433554417
5816 862893586
5818 82096293
5820 470362070
5822 304438256
5824 187365599
5826 768553889
5828 529364749
5830 229381995
5832 25900917
5834 710398270
5836 83801350
5838 445371539
5840 312094085
5842 977112994
5844 486481029
5846 962502101
5848 904206694
5850 301105894
5852 38232807
5854 413220432
5856 747102502
5858 737068659
5860 337561818
5862 292820580
5864 220569547
5866 139258292
5868 687657491
5870 819339611
5872 169403946
5874 70539822
5876 972173617
5878 782075077
5880 255490665
5882 258567696
5884 337696792
5886 666095655
5888 339935040
5890 894718758
5892 199381739
5894 439735998
5896 718931622
5898 854535399
5900 781897120
5902 355027297
5904 467552787
5906 266285964
5908 2859600
5910 647592212
5912 551811550
5914 439563241
5916 555535974
5918 954709374
5920 36919441
5922 709504256
5924 806887968
5926 200646677
5928 12939435
5930 667283502
5932 881046217
5934 178954846
5936 280264586
5938 503812722
5940 156876946
5942 384448517
5944 68550494
5946 157304258
5948 935792337
5950 866612767
5952 676642923
5954 188729909
5956 139598620
5958 269269947
5960 826804327
5962 628390426
5964 432694942
5966 218580833
5968 279055876
5970 798970876
5972 447113010
5974 972020987
5976 192752985
5978 792117114
5980 856039335
5982 710026043
5984 157877566
5986 657822037
5988 429511203
5990 41290240
5992 388701658
5994 399532491
5996 194410491
5998 604378824
6000 347549059
6002 267438567
6004 356475315
6006 160922464
6008 929597497
6010 193898385
6012 906195344
6014 282187731
6016 662665852
6018 288254033
6020 188035181
6022 908776864
6024 569077494
6026 611233854
6028 412441137
6030 812864397
6032 104185697
6034 243374831
6036 450592564
6038 12360001
6040 564572696
6042 726351384
6044 339216817
6046 158985149
6048 250981320
6050 938152744
6052 824598885
6054 548571312
6056 887214743
6058 392113451
6060 773980087
6062 51069968
6064 232222173
6066 939894352
6068 899612786
6070 2103981
6072 543959297
6074 463932141
6076 694711205
6078 385287263
6080 141683915
6082 737493745
6084 333709994
6086 536701971
6088 167390621
6090 399301821
6092 226098217
6094 263944116
6096 471016625
6098 421821288
6100 871808522
6102 320797176
6104 714823432
6106 627385419
6108 675325524
6110 771934679
6112 280679324
6114 898764556
6116 488667641
6118 139312641
6120 242248186
6122 870036853
6124 761041375
6126 512036957
6128 47174874
6130 929580752
6132 53155501
6134 455221872
6136 546383707
6138 595807169
6140 856319154
6142 372132174
6144 402796931
6146 579236958
6148 786781191
6150 598012631
6152 710050011
6154 933107990
6156 277960372
6158 469187263
6160 588476452
6162 550563341
6164 620820538
6166 771017727
6168 864257163
6170 93726598
6172 342035088
6174 109679567
6176 892322973
6178 819361075
6180 332686286
6182 732731563
6184 894668480
6186 402057275
6188 616776999
6190 825855644
6192 184452993
6194 476076209
6196 379484206
6198 644436973
6200 913977568
6202 653432022
6204 738819948
6206 68502689
6208 97738468
6210 107919211
6212 982367752
6214 998079538
6216 55796853
6218 988740892
6220 737825683
6222 848474538
6224 119910037
6226 609938764
6228 363695071
6230 191978637
6232 8831248
6234 697607015
6236 362391740
6238 233026499
6240 485529425
6242 260867224
6244 106092031
6246 388801769
6248 295983963
6250 926839658
6252 285387746
6254 596285384
6256 54444375
6258 677478669
6260 829311080
6262 132679409
6264 496296063
6266 41124627
6268 424910422
6270 344043923
6272 334837099
6274 216932059
6276 646717097
6278 331478596
6280 872554502
6282 378104158
6284 568370897
6286 681529644
6288 370339021
6290 58293211
6292 863523669
6294 808224170
6296 765369113
6298 887900603
6300 976891830
6302 783488616
6304 750727814
6306 898707251
6308 624419616
6310 254962678
6312 429646599
6314 372848660
6316 450620843
6318 54384946
6320 171825305
6322 971416593
6324 257016924
6326 856096565
6328 195654319
6330 680613018
6332 606315093
6334 647720604
6336 822903498
6338 703968907
6340 192713549
6342 998074358
6344 951948247
6346 311291599
6348 888542379
6350 589752548
6352 46966652
6354 412834215
6356 584585459
6358 112113312
6360 883988144
6362 349410346
6364 564359898
6366 672845214
6368 724839814
6370 919359274
6372 680685431
6374 22343008
6376 604394245
6378 29471236
6380 109804484
6382 527481989
6384 212658589
6386 675701592
6388 965290112
6390 429560882
6392 970241888
6394 366975074
6396 817654744
6398 590359514
6400 625491317
6402 70138703
6404 994680543
6406 977106961
6408 890475713
6410 939079734
6412 511211048
6414 981012160
6416 814421634
6418 497973912
6420 395072841
6422 238125729
6424 480064831
6426 634958581
6428 577824334
6430 267817841
6432 154716609
6434 735306371
6436 736255911
6438 309647565
6440 533897995
6442 277284145
6444 715941057
6446 98663931
6448 657391059
6450 826985670
6452 139012120
6454 605455299
6456 177285020
6458 502784607
6460 797852297
6462 816358245
6464 663227711
6466 754123975
6468 742942864
6470 826481844
6472 565697358
6474 513834230
6476 767087553
6478 670570112
6480 291876375
6482 493093106
6484 911644287
6486 863191290
6488 902300167
6490 240273831
6492 965325824
6494 153263443
6496 916512681
6498 305432935
6500 224501472
6502 9620009
6504 708160709
6506 902356370
6508 962943944
6510 663099879
6512 77481683
6514 596155113
6516 127706884
6518 211067008
6520 980825047
6522 160028411
6524 970660663
6526 999277314
6528 339718945
6530 389196213
6532 745471718
6534 442452560
6536 632099356
6538 79642919
6540 474214860
6542 52364283
6544 776098569
6546 353084681
6548 793140000
6550 182029086
6552 231014940
6554 725236743
6556 815925233
6558 755504952
6560 494456201
6562 896284037
6564 248348876
6566 99920979
6568 285108680
6570 796555073
6572 755392682
6574 703482667
6576 351613229
6578 157392928
6580 306136287
6582 637517632
6584 573718802
6586 789820963
6588 235725119
6590 60155087
6592 167578958
6594 766859504
6596 632998849
6598 768320169
6600 669928076
6602 6926882
6604 551694013
6606 677042955
6608 842029490
6610 791532164
6612 945179400
6614 141237724
6616 818892116
6618 434735544
6620 511828775
6622 67373840
6624 900341540
6626 534127433
6628 70574411
6630 863180365
6632 326283034
6634 719834465
6636 723491313
6638 755541049
6640 870610668
6642 816212878
6644 32153602
6646 993074866
6648 746368854
6650 625137137
6652 88003390
6654 48779988
6656 335100388
6658 879276291
6660 518494311
6662 77986231
6664 392774865
6666 120326413
6668 264723916
6670 223263381
6672 106860126
6674 646971466
6676 222768397
6678 466518956
6680 503641857
6682 405644010
6684 169965486
6686 160345338
6688 862220816
6690 553318475
6692 164778733
6694 361362019
6696 942591225
6698 292591817
6700 822188530
6702 511176992
6704 405628349
6706 172656372
6708 383720402
6710 566996328
6712 15214945
6714 220530387
6716 196786821
6718 319939780
6720 718302330
6722 270523135
6724 714331085
6726 82354398
6728 74575198
6730 981587579
6732 345551667
6734 496319310
6736 355424759
6738 626442212
6740 378161805
6742 400889796
6744 360687380
6746 745257644
6748 853761246
6750 25417923
6752 560725772
6754 496809180
6756 181720618
6758 875761810
6760 960934110
6762 838042211
6764 419218765
6766 418519249
6768 855279896
6770 818530408
6772 313482576
6774 3791316
6776 957518694
6778 26547089
6780 493233907
6782 550555654
6784 425290954
6786 96082902
6788 540949660
6790 247046181
6792 143708454
6794 850568619
6796 15342966
6798 947854534
6800 321319638
6802 863460763
6804 605920241
6806 390511130
6808 663572860
6810 223121045
6812 308853708
6814 677266635
6816 431323698
6818 234736807
6820 371689655
6822 186250919
6824 403979394
6826 863343107
6828 397008767
6830 354880821
6832 718037875
6834 187714088
6836 188105850
6838 627375179
6840 822205897
6842 139589323
6844 225649082
6846 815081644
6848 122951596
6850 868186493
6852 633961832
6854 806066879
6856 912310461
6858 126741416
6860 741302120
6862 781228925
6864 367008422
6866 447759162
6868 19642180
6870 114295958
6872 987345630
6874 788051999
6876 827780632
6878 858426890
6880 951775390
6882 729980507
6884 574059923
6886 730129252
6888 790614476
6890 741980668
6892 609207104
6894 220714038
6896 651060614
6898 878929091
6900 188416386
6902 910923450
6904 749831474
6906 215491584
6908 126284870
6910 863748002
6912 487329471
6914 835703038
6916 249727470
6918 399680950
6920 531260855
6922 960806619
6924 817933938
6926 318833931
6928 90099891
6930 951771008
6932 976431112
6934 621723066
6936 750276793
6938 63820593
6940 773157030
6942 326637872
6944 379254984
6946 810308326
6948 744058249
6950 81406105
6952 516634998
6954 712056053
6956 298225569
6958 420854701
6960 370090303
6962 703796747
6964 815906312
6966 545451437
6968 423859357
6970 165976328
6972 759094642
6974 422660257
6976 614807162
6978 590895625
6980 265402264
6982 68623656
6984 771808934
6986 288288388
6988 828075644
6990 993652884
6992 64924838
6994 433396204
6996 870778452
6998 625246964
7000 273435527
7002 235633001
7004 315399988
7006 804363987
7008 396421075
7010 475077739
7012 190397034
7014 970120123
7016 446484465
7018 470562003
7020 84198107
7022 580342754
7024 406668000
7026 948995943
7028 480760712
7030 695006397
7032 425145259
7034 435573835
7036 817075206
7038 215827155
7040 423796660
7042 859767286
7044 724894470
7046 948898257
7048 593020826
7050 991989275
7052 485691389
7054 39164125
7056 128099460
7058 751283661
7060 55870590
7062 906567291
7064 618818889
7066 341332698
7068 315939882
7070 827098315
7072 178261982
7074 935923278
7076 214682480
7078 191894605
7080 308504108
7082 775239797
7084 292297973
7086 516887362
7088 393117055
7090 275258842
7092 340406353
7094 511392278
7096 715055114
7098 141288722
7100 924299198
7102 472864145
7104 213005907
7106 135092599
7108 497013165
7110 436448931
7112 344553825
7114 419343910
7116 22205144
7118 702459677
7120 642591061
7122 227266899
7124 7013959
7126 708101575
7128 719693574
7130 921453310
7132 948637929
7134 688806134
7136 33493696
7138 813565651
7140 911653085
7142 954109457
7144 442663181
7146 429477730
7148 745882776
7150 375643138
7152 425796111
7154 729314493
7156 138941358
7158 329100825
7160 166090216
7162 904062694
7164 397187110
7166 495926411
7168 207423403
7170 752861065
7172 991172612
7174 347971091
7176 364253490
7178 239241829
7180 111356307
7182 4525794
7184 759359499
7186 56159047
7188 347806662
7190 260322549
7192 144621208
7194 757455753
7196 282796780
7198 822553470
7200 964611384
7202 48928182
7204 26290627
7206 523371335
7208 351668243
7210 125196669
7212 763550208
7214 805117871
7216 722915710
7218 55167729
7220 559204911
7222 91508138
7224 552782516
7226 18660547
7228 338155053
7230 296024962
7232 838587527
7234 648381016
7236 2651613
7238 22033324
7240 521808636
7242 592774876
7244 900531032
7246 321991527
7248 77697722
7250 23405679
7252 95554360
7254 617202834
7256 335269095
7258 765704307
7260 679869374
7262 123940191
7264 852060219
7266 741463601
7268 163390436
7270 134836880
7272 295805517
7274 805296482
7276 432884540
7278 777958757
7280 887283016
7282 486682460
7284 349965091
7286 956443095
7288 352766791
7290 417422352
7292 793493959
7294 277446495
7296 297619347
7298 992474715
7300 159149097
7302 884720779
7304 631943386
7306 537741324
7308 165728682
7310 560707299
7312 31268024
7314 634623008
7316 606569698
7318 133898913
7320 611066675
7322 591722527
7324 980285641
7326 749617816
7328 333771144
7330 964559613
7332 266684628
7334 902620746
7336 58048604
7338 791560582
7340 769506938
7342 612367497
7344 324981476
7346 757398679
7348 254489191
7350 868934966
7352 984731104
7354 480334519
7356 419051152
7358 666978195
7360 132612891
7362 916885985
7364 663728317
7366 35655188
7368 590911537
7370 6554939
7372 269488081
7374 311336743
7376 512740676
7378 238815900
7380 821661278
7382 204799633
7384 953821224
7386 255988307
7388 221730343
7390 341488988
7392 532826975
7394 416363257
7396 211578178
7398 661936760
7400 393609539
7402 29167180
7404 983929651
7406 590968143
7408 685973602
7410 843255418
7412 709091967
7414 456976935
7416 949827058
7418 707349474
7420 700030331
7422 440017902
7424 240305342
7426 345210517
7428 807202034
7430 774823220
7432 896204646
7434 717764798
7436 618806694
7438 623078155
7440 454264245
7442 595054095
7444 371736413
7446 634289568
7448 975608955
7450 519255723
7452 364245850
7454 8528784
7456 191672958
7458 391775106
7460 928635599
7462 556575924
7464 307112559
7466 705477339
7468 336245366
7470 63972834
7472 831261761
7474 4033987
7476 512600625
7478 893723100
7480 841412986
7482 819421899
7484 645667588
7486 854614550
7488 835170336
7490 396933141
7492 302675799
7494 648481591
7496 396057490
7498 64809993
7500 602929262
7502 270712271
7504 720291926
7506 825803009
7508 427564357
7510 656977983
7512 693175587
7514 677094467
7516 290956081
7518 580063767
7520 388130698
7522 348766209
7524 826145479
7526 818597350
7528 92479845
7530 785801559
7532 801312926
7534 239121913
7536 746542414
7538 285475823
7540 822356049
7542 357518121
7544 951746917
7546 932831706
7548 32367463
7550 137898134
7552 344511732
7554 204742338
7556 724528452
7558 550208895
7560 447531679
7562 33931241
7564 451376939
7566 884360375
7568 328467813
7570 379884560
7572 438450228
7574 976518554
7576 301159955
7578 990483253
7580 179780151
7582 834619734
7584 877106274
7586 811933303
7588 47822898
7590 619327134
7592 240222398
7594 25178097
7596 373250709
7598 116365437
7600 96380293
7602 120126764
7604 297701927
7606 973744651
7608 955298467
7610 693895325
7612 188314792
7614 659260275
7616 908930141
7618 676542900
7620 552295808
7622 349027903
7624 220501772
7626 744944005
7628 761770592
7630 725356785
7632 240498355
7634 446879491
7636 643023325
7638 415613963
7640 106081299
7642 767518109
7644 768474790
7646 207700758
7648 128561730
7650 464233668
7652 737025024
7654 771062364
7656 345388050
7658 199049402
7660 981981616
7662 792213431
7664 156217359
7666 827009378
7668 781653271
7670 736527809
7672 488987145
7674 153883022
7676 690801797
7678 843235537
7680 460304850
7682 581060346
7684 190030194
7686 539836292
7688 602268635
7690 941502785
7692 984530598
7694 278995420
7696 923981042
7698 453084682
7700 599576177
7702 294121502
7704 937334510
7706 535219261
7708 382767335
7710 79499124
7712 519950966
7714 51078296
7716 462763483
7718 713561013
7720 143053272
7722 431905471
7724 203868612
7726 297016564
7728 558904170
7730 987588697
7732 358131653
7734 804147195
7736 834754310
7738 323296053
7740 610593998
7742 864944279
7744 267786388
7746 738665325
7748 269307123
7750 70015187
7752 200975639
7754 10985004
7756 211705840
7758 810701108
7760 449376016
7762 823447209
7764 679055719
7766 840089905
7768 855836515
7770 973507350
7772 282460787
7774 31545676
7776 885345718
7778 572941636
7780 596413367
7782 774619423
7784 805557687
7786 573512919
7788 816020529
7790 275024483
7792 488314217
7794 230196951
7796 281478093
7798 577103898
7800 201364406
7802 506723709
7804 576490128
7806 795585089
7808 836024607
7810 167452204
7812 738266294
7814 411090439
7816 756385982
7818 715090851
7820 219064756
7822 770216656
7824 679527023
7826 241113832
7828 866850109
7830 871100509
7832 649827322
7834 653262677
7836 26182331
7838 463051262
7840 596627621
7842 483263494
7844 610127811
7846 617204656
7848 706981782
7850 366197563
7852 811712465
7854 636663466
7856 947208755
7858 613426298
7860 191948300
7862 999942765
7864 697604
7866 929102953
7868 896097115
7870 620263220
7872 168342654
7874 34976910
7876 371365930
7878 926454375
7880 175606253
7882 309115639
7884 383111668
7886 340924558
7888 886236173
7890 898116349
7892 829625278
7894 246223383
7896 278028387
7898 745149326
7900 98101301
7902 298179516
7904 380604921
7906 747506734
7908 333001247
7910 495225459
7912 651426957
7914 192717455
7916 520417839
7918 392359425
7920 264007452
7922 362454527
7924 656905741
7926 202052873
7928 785665685
7930 559859218
7932 603600653
7934 808859841
7936 487797160
7938 642653091
7940 932413816
7942 268766991
7944 185181516
7946 524400606
7948 114786346
7950 280451704
7952 476035532
7954 842974264
7956 17255992
7958 870713901
7960 306562314
7962 119022767
7964 786668185
7966 57282611
7968 971101757
7970 566049445
7972 11731944
7974 799858117
7976 815877611
7978 233772963
7980 898012141
7982 267460469
7984 488311017
7986 938369386
7988 577522110
7990 644192765
7992 827640233
7994 753733558
7996 535254401
7998 340106689
8000 748798897
8002 720073805
8004 942953549
8006 122366150
8008 787131192
8010 273455985
8012 352667038
8014 344009353
8016 785327412
8018 578869720
8020 921581025
8022 179445814
8024 171301577
8026 545960910
8028 265675837
8030 476794631
8032 330919218
8034 252352171
8036 974356853
8038 588868899
8040 205920844
8042 607927799
8044 173902439
8046 214627517
8048 271252099
8050 366113840
8052 178009102
8054 435499457
8056 841477268
8058 986788947
8060 408813370
8062 892263167
8064 910835498
8066 389594268
8068 921632738
8070 60871232
8072 118777437
8074 951586129
8076 883822881
8078 597390666
8080 621379144
8082 419990004
8084 353348891
8086 974572643
8088 698153958
8090 53735927
8092 874762015
8094 658351435
8096 357381528
8098 560810458
8100 450719509
8102 640720668
8104 502410766
8106 705618314
8108 731764329
8110 204480454
8112 157602868
8114 700422947
8116 233518034
8118 196756670
8120 550433078
8122 381536099
8124 994993897
8126 500141981
8128 852020305
8130 485556918
8132 598774925
8134 822924329
8136 526440505
8138 775845781
8140 386515324
8142 959966808
8144 738209225
8146 94001974
8148 629052534
8150 264035970
8152 295339187
8154 735020587
8156 312821729
8158 302279963
8160 604045875
8162 879980725
8164 344823951
8166 448725680
8168 513897148
8170 7382503
8172 474541421
8174 326738645
8176 846010127
8178 911574172
8180 930236725
8182 514903316
8184 617128523
8186 390107467
8188 475524434
8190 502521346
8192 425322511
8194 238687750
8196 485744488
8198 439396946
8200 632697453
8202 306688257
8204 721677652
8206 240452543
8208 24517871
8210 611127238
8212 206664834
8214 0
